69
1957.0 0.04
5962.0 0.08
6594.0 0.12
7389.0 0.16
8659.0 0.2
10216.0 0.24
10754.0 0.28
11380.0 0.32
11924.0 0.36
12320.0 0.4
12889.0 0.44
13874.0 0.48
14131.0 0.52
14608.0 0.56
15519.0 0.6
16846.0 0.64
17402.0 0.68
17645.0 0.72
18009.0 0.76
18582.0 0.8
19270.0 0.84
19803.0 0.88
20399.0 0.92
20630.0 0.96
2479.0 0.019230769230769232
3391.0 0.038461538461538464
3573.0 0.057692307692307696
4117.0 0.07692307692307693
4457.0 0.09615384615384616
6165.0 0.11538461538461539
6388.0 0.1346153846153846
9527.0 0.15384615384615385
9748.0 0.17307692307692307
10080.0 0.19230769230769232
11731.0 0.21153846153846154
12158.0 0.23076923076923078
12838.0 0.25
14252.0 0.2692307692307692
15784.0 0.28846153846153844
16533.0 0.3076923076923077
17616.0 0.3269230769230769
19075.0 0.34615384615384615
19701.0 0.36538461538461536
20067.0 0.38461538461538464
20316.0 0.40384615384615385
20611.0 0.4230769230769231
21219.0 0.4423076923076923
21846.0 0.46153846153846156
22090.0 0.4807692307692308
22516.0 0.5
23094.0 0.5192307692307693
24747.0 0.5384615384615384
25746.0 0.5576923076923077
26156.0 0.5769230769230769
26540.0 0.5961538461538461
27168.0 0.6153846153846154
28863.0 0.6346153846153846
29271.0 0.6538461538461539
29932.0 0.6730769230769231
30921.0 0.6923076923076923
32664.0 0.7115384615384616
33930.0 0.7307692307692307
34681.0 0.75
35098.0 0.7692307692307693
35439.0 0.7884615384615384
36515.0 0.8076923076923077
37633.0 0.8269230769230769
37803.0 0.8461538461538461
38358.0 0.8653846153846154
40176.0 0.8846153846153846
40551.0 0.9038461538461539
40912.0 0.9230769230769231
41280.0 0.9423076923076923
41981.0 0.9615384615384616
42717.0 0.9807692307692307